73.0
72.4375
72.75
72.75
72.9375
73.4375
72.73333333333333
73.0
72.25
73.875
73.0625
73.625
73.9375
74.0
74.0
74.26666666666667
74.0
74.0
74.16666666666667
75.5
98.5
92.0
146.0
125.71428571428571
135.9375
144.6875
146.25
146.0
146.0
146.0
146.5
146.0
146.5
146.0
146.375
146.0
146.5
146.0
146.0
146.0
146.0
146.0
146.25
146.125
147.125
146.25
146.125
146.0
146.0
144.125
126.42857142857143
127.33333333333333
117.0625
103.73333333333333
83.375
80.1875
74.0
74.125
74.125
74.6875
74.0
74.0
74.0
73.375
73.0
72.875
72.3125
72.4375
72.0
71.3125
71.0
71.0
71.0
71.0
70.3125
71.0
70.9375
71.0
70.5
70.8125
70.125
70.6875
69.875
70.25
70.0
70.5
69.9375
70.6875
70.875
70.75
70.75
71.0
71.0
70.75
71.0
70.75
71.0
71.0
71.0
71.0
71.0
71.0
71.5
71.875
72.0
72.0
72.125
72.75
72.75
72.875
73.0
73.375
73.75
73.875
73.875
74.0
74.0
74.0
74.0
74.0
74.0
74.0
74.0
74.0
74.0
74.0
74.0
74.0
74.0
74.0
74.0
74.0
74.0
74.0
74.0
74.0
74.0
73.8125
73.3125
73.125
73.0
73.0
72.5625
72.75
72.0
71.5
71.3125
71.0
71.0
70.625
70.125
70.0
69.875
69.5
69.0
68.5625
68.25
68.0625
68.0
68.0
67.0
67.0
67.0
67.0
66.0625
66.0
66.75
66.0
66.4375
66.0
80.16666666666667
66.0
66.27272727272727
65.5
nan
62.0
nan
nan
nan
nan
nan
162.0
165.6
164.875
152.55555555555554
103.5625
101.125
100.4375
99.0625
97.125
95.375
95.875
94.625
129.88888888888889
123.5
130.25
129.25
126.625
125.375
123.5
122.875
122.625
120.75
118.1875
121.75
118.375
116.5
115.125
116.75
114.125
113.375
112.0
111.8125
114.625
112.25
111.4375
111.1875
112.125
111.75
110.9375
111.8125
111.25
112.125
111.0625
111.0
113.0
111.5625
111.8125
114.5
112.375
117.0
114.8125
116.8125
116.0
117.625
117.5625
119.5
119.375
122.3125
121.9375
124.625
123.0
124.25
127.0
129.0
128.875
126.625
110.0
96.125
92.75
93.9375
92.9375
96.875
98.5625
97.0
99.75
99.9375
115.0
114.1875
150.75
154.5625
162.0
158.75
194.0
nan
nan
nan
nan
nan
nan
nan
nan
nan
nan
151.0
nan
67.0
66.26666666666667
66.6875
66.625
66.0
66.0
65.875
65.1875
65.0
65.0
65.25
71.25
83.85714285714286
78.6875
73.25
65.0
65.0
64.75
64.5625
64.0
64.0
65.0
65.0
65.5625
65.0
128.4375
148.1875
149.125
148.0
148.0
148.1875
148.0
148.0
148.1875
148.375
148.1875
149.6875
148.0
148.0
148.0
148.0
148.0
148.0
148.0
148.0
148.0
148.0
148.0
148.0
148.0
148.0
149.3125
148.0
148.0
148.0
148.0
148.75
148.0
148.0
148.0
148.0
149.875
149.125
148.0
134.6875
79.4375
69.75
69.125
69.5
69.5
70.0
70.0
70.3125
70.0625
70.0
70.25
70.75
71.0
71.0
71.0
70.75
70.875
71.0
70.9375
71.0
70.875
71.0
71.0
71.0
71.0
71.0
71.0
71.0
71.375
71.8125
71.25
72.0
72.0
72.0
71.0625
71.8125
71.25
71.0
71.0
71.0
71.0625
71.0
71.125
71.0
71.75
71.0
71.5
71.0625
71.1875
71.5625
71.4375
71.75
71.4375
71.75
71.8125
71.9375
72.0
72.0
72.0
72.25
72.125
72.375
72.4375
72.375
72.0625
72.8125
72.625
73.0
73.0
73.0
73.0
73.0
73.0
73.0
73.0
73.0
73.0
73.125
73.125
73.4375
73.6875
73.625
73.6875
74.0
74.0
74.0
74.0
74.0
74.0
74.0
74.0
74.0
74.0
74.0
74.0
74.0
74.0
74.0
74.0
74.0
74.0
74.0
74.0
74.0
73.4375
74.0
73.875
74.0
73.9375
73.25
74.0
73.75
73.4375
73.75
73.5
73.375
73.125
73.0
73.0
73.375
73.0
73.0
73.0
73.0
73.0625
73.0
73.0
73.0
73.0
73.0
73.0
73.0
73.0
73.0
73.0
73.0
73.0
73.0
73.0
73.0
73.0
73.0
73.0
73.0
73.0
73.0
73.0
73.0
73.0
73.0
73.0
73.0
73.0
73.0625
73.0
73.0
73.0
73.0
73.0
73.25
73.0
73.4375
73.0
73.0625
73.0
73.0
73.0
73.25
73.125
73.0
73.0
73.1875
73.0
73.0
73.0
73.1875
73.0625
73.0
73.0
73.0
73.0
73.5
73.0
73.0
73.125
73.0
73.0
73.0
73.125
73.0
73.0
73.25
73.0
73.0625
73.25
73.0
73.0
73.0
73.125
73.0
73.0
73.0625
73.0
73.0
73.0
73.0
73.0
73.0
72.75
73.0
73.0
73.0
73.0625
73.0
73.0
73.0
73.0
73.0
73.0
73.0
73.0
73.0
73.0
73.0
73.0
73.0
73.0
73.0
73.0
73.0
73.0
73.0
73.0
73.0
73.0
73.0
73.0
73.0
73.0
73.25
73.0
73.0
73.0
73.0
73.0
73.0
73.0
73.0
73.0
73.0
73.25
73.0
73.0
73.0
73.3125
73.25
73.0
73.0625
73.0
73.25
73.0
73.0
73.0
73.1875
73.0
73.0
73.0
73.0
73.0
73.0
73.0625
73.0
73.0
73.0
73.125
73.0
73.0
73.0
73.0
73.0
73.0
73.0
73.0
73.0
73.0
73.0
73.0
73.0
73.125
73.25
73.0
73.0
73.5
74.0
73.1875
73.4375
73.125
73.1875
73.0625
73.25
73.0
73.25
73.46153846153847
73.0625
85.21428571428571
73.375
73.53333333333333
73.625
73.5
73.625
73.13333333333334
78.1875
84.4
73.0625
83.66666666666667
73.0
88.625
73.0
73.0625
88.5
73.13333333333334
73.0625
83.73333333333333
73.0
78.46666666666667
78.25
78.73333333333333
84.13333333333334
73.0625
108.28571428571429
73.46666666666667
73.875
108.0
73.75
91.07142857142857
73.5
74.0
73.85714285714286
73.5
73.66666666666667
73.875
73.71428571428571
73.5
92.92307692307692
74.0
85.92857142857143
74.0
73.86666666666666
74.0
73.5
73.9375
74.0
73.5
85.71428571428571
74.0
73.75
74.0
74.0
73.8125
74.0
73.875
86.14285714285714
74.0
74.0
74.0
73.92857142857143
74.0
74.0
74.0
74.0
73.5
74.0
73.625
73.625
74.0
74.0
74.0
73.9375
73.875
73.625
73.875
74.0
74.0
73.9375
73.4375
74.0
74.0
74.0
74.0
73.5
74.0
74.0
73.5
73.75
74.0
73.3125
74.0
74.0
74.0
73.625
74.0
74.0
74.0
73.8125
73.875
73.875
74.0
73.625
74.0
74.0
74.0
74.0
74.0
74.0
74.0
73.875
74.0
73.375
73.5
74.0
74.0
73.875
74.0
74.0
74.0
74.0
73.9375
74.0
74.0
74.0
74.0
74.0
74.0
74.0
73.9375
74.0
73.875
74.0
73.875
73.9375
73.875
74.0
74.0
74.0
73.9375
74.0
74.0
74.0
73.75
74.0
73.5
74.0
73.8125
73.9375
73.75
73.75
73.4375
74.0
73.375
73.4375
73.875
73.625
73.6875
73.6875
73.75
73.75
73.5625
73.6875
73.0
73.5
73.25
73.5
74.0
73.4375
73.625
73.1875
73.0
73.0625
73.4375
73.6875
73.5
73.375
73.6875
73.5625
73.0
73.1875
73.0625
73.4375
73.0625
73.0
73.125
73.0625
73.3125
73.0
73.0625
73.75
73.3125
73.4375
73.0625
73.0625
73.1875
73.0625
73.5625
73.3125
73.1875
73.5
73.0625
73.0625
73.3125
73.75
73.5
73.0625
74.0
73.1875
73.1875
73.0625
73.625
73.125
73.0
73.75
73.625
73.375
73.6875
73.0
73.3125
74.0
73.0625
73.0625
73.6875
73.625
73.25
73.0625
73.0625
73.375
73.5625
73.375
73.0
73.5625
74.0
73.25
73.0
73.625
74.0
73.6875
74.0
73.5
73.6875
74.0
73.375
73.875
73.5625
73.625
73.875
73.125
73.375
73.4375
73.4375
73.375
73.5625
73.8125
73.9375
73.5
73.8125
74.0
73.6875
73.5
73.375
73.75
73.25
73.375
73.75
73.5625
73.4375
73.3125
73.5
73.6875
73.5
73.625
73.625
73.625
73.625
73.4375
73.75
73.5
73.5
73.625
73.5625
73.75
73.8125
73.625
74.0
74.0
73.9375
74.0
74.0
73.9375
74.0
74.0
74.0
74.0
74.0
74.0
74.0
74.0
74.0
74.0
74.0
74.0
74.0
74.0625
74.125
74.0
74.0
74.0
74.25
74.625
74.1875
74.0
74.6875
74.0
75.0
74.0
74.0
74.0
74.0
74.0
74.0
74.0
74.0
73.8125
74.0
73.375
73.0
73.0
73.0
72.9375
72.5625
72.5625
72.25
72.0
72.0
72.06666666666666
77.53333333333333
88.33333333333333
77.25
72.0
72.0
71.75
71.8125
71.5
71.1875
71.5625
71.25
71.25
71.125
70.875
71.0
71.0
71.0
71.0
70.6875
70.375
70.6875
70.0
70.0
70.0
70.0
70.0
70.0
70.0
70.4375
70.5625
70.0625
70.0
71.0
70.0
70.375
70.5625
71.5625
70.875
70.9375
70.1875
70.25
71.4375
71.875
71.8125
71.9375
71.1875
71.375
72.0
71.0625
72.625
71.0
71.5625
70.75
71.125
70.875
71.5625
71.125
71.0625
71.375
71.1875
70.75
70.875
71.1875
71.0
70.9375
70.9375
71.5625
70.5
71.1875
71.5
70.8125
70.75
71.6875
71.1875
71.6875
71.125
72.0
71.5
72.6875
71.9375
71.8125
71.6875
72.3125
71.5
71.875
72.375
71.0
71.9375
72.25
72.75
71.375
72.25
72.125
72.0
72.0
71.6875
71.9375
72.4375
71.4375
71.6875
71.4375
71.75
71.1875
71.25
71.0
70.5
70.8125
70.8125
70.5
70.25
70.9375
70.5625
71.0
71.0
71.0
71.0
70.3125
70.0
70.375
70.9375
71.0
70.6875
71.125
71.125
71.25
71.25
71.25
71.0625
71.0
71.0
71.0
71.0
71.25
71.5625
71.75
71.5
71.0
71.0
71.0
71.0
71.0
71.0
71.0
71.0
71.0
71.0625
71.4375
71.75
72.0
72.0
72.3125
72.875
73.0
73.0
73.0
73.5625
74.0
74.0
74.0
74.625
75.25
75.3125
76.0
77.0
78.0
78.0
78.4375
80.0
80.0625
80.58333333333333
150.15384615384616
156.5625
156.5625
156.375
156.0
156.0
157.875
159.0
157.875
156.5625
158.4375
158.0625
157.875
155.625
156.375
154.5
152.4375
151.46153846153845
152.0
nan
nan
nan
nan
nan
nan
nan
nan
nan
nan
nan
nan
nan
nan
nan
nan
nan
nan
nan
nan
nan
nan
nan
nan
nan
nan
nan
nan
nan
nan
nan
nan
nan
nan
nan
nan
nan
nan
nan
nan
nan
160.0
nan
nan
nan
nan
nan
100.0
99.57142857142857
99.3125
99.75
99.25
99.125
97.3125
97.5625
96.25
96.4375
95.5
95.5625
95.0625
95.0625
94.6875
95.8125
94.5
95.25
95.375
96.6875
94.8125
94.71428571428571
94.78571428571429
94.6
94.8
95.0
94.25
94.25
94.75
95.875
94.5625
94.5625
94.0625
94.25
94.125
94.875
94.5
93.875
93.875
94.0
93.64285714285714
92.76923076923077
93.375
93.8
nan
92.5
nan
132.0
nan
115.25
nan
130.0
129.75
128.5
122.4375
126.375
121.875
123.5625
119.125
121.4375
122.0625
117.625
114.25
120.0
117.53846153846153
113.5
114.25
115.1875
113.0
114.25
114.4375
111.3125
112.25
111.75
111.25
111.75
111.0
nan
110.375
nan
nan
112.0
107.125
111.33333333333333
111.83333333333333
108.0
106.0
105.8
106.75
nan
108.85714285714286
105.5
106.375
104.0
106.0625
106.0
103.9375
104.25
105.125
103.5
104.0
106.25
107.125
103.375
104.75
104.375
102.5
102.125
102.5625
102.4375
104.875
103.0625
104.875
104.375
104.125
103.4375
103.875
103.75
104.5
103.0625
103.3125
104.75
104.625
105.625
106.5
103.5625
103.875
105.5
105.375
106.75
106.6875
106.75
106.8125
107.375
107.375
107.3125
106.875
107.0
109.375
111.75
111.25
110.4375
111.42857142857143
110.0
109.4375
111.375
109.9375
112.0
112.0
111.875
111.5
112.5
111.1875
110.86666666666666
112.0
110.8125
114.0
116.75
115.125
116.25
116.5
115.3125
115.5
114.75
114.375
118.125
119.125
117.125
116.5625
114.9375
120.0
118.125
118.0
118.25
118.375
118.9375
120.5
121.0
120.875
122.4375
121.6875
121.4375
119.0625
121.0
123.0
123.0
122.25
123.875
123.875
123.625
123.6875
125.375
126.0
126.0
125.5
127.375
125.25
128.0
128.875
127.0
128.375
128.125
128.25
126.0
127.0
129.25
129.125
130.5
129.5
127.0
127.4
129.25
130.28571428571428
111.25
118.625
117.33333333333333
130.42857142857142
92.58333333333333
90.6875
90.75
99.625
100.625
106.125
90.625
92.25
92.1
130.69230769230768
130.2
131.0
129.85714285714286
99.1875
91.0625
91.0
nan
92.5
92.625
nan
130.25
129.14285714285714
128.46666666666667
117.9375
113.8125
115.25
113.25
114.625
121.9375
117.0625
109.6875
109.53846153846153
108.3125
99.75
114.5625
104.5625
126.5
119.6875
132.125
116.6875
128.625
130.875
130.375
127.375
128.875
128.875
128.375
130.125
129.0
128.875
130.0
128.125
125.625
127.5
127.375
128.75
130.25
126.625
127.5
128.75
129.0
127.5
129.125
127.75
128.0
127.5
125.0
127.5
126.5
126.5
126.875
126.875
126.125
126.25
126.0
125.625
126.375
125.875
126.375
126.5
126.0
126.25
127.625
126.5
125.5
126.5
125.625
125.125
125.0
130.625
127.875
127.125
126.5
126.5
126.5
126.25
125.375
124.5
126.875
125.625
126.75
126.75
126.5
126.75
125.875
126.25
125.5
126.25
126.0
126.125
125.125
126.125
126.75
125.0
126.5
126.0
126.0
126.125
125.875
126.0
126.0
126.0
127.0
125.375
126.0
126.625
126.625
126.0
126.125
126.125
126.75
126.0
126.25
125.5
125.375
124.125
126.75
126.25
126.375
127.125
125.0
126.75
125.375
125.375
126.875
127.0
126.125
126.0
127.5
125.0
124.75
126.75
126.5
124.5
128.25
127.875
127.375
127.25
126.5
125.75
126.25
126.25
129.125
127.375
126.0
125.25
127.75
127.0
127.0
125.25
127.25
125.625
127.25
128.125
127.125
127.0
125.0
128.25
128.0
127.5
128.5
127.0
125.25
126.5
126.5
127.0
128.125
124.625
126.875
126.25
127.875
126.625
130.75
131.375
128.25
126.625
126.5
128.25
129.125
128.375
129.75
127.625
128.5
128.75
131.625
128.5
128.625
128.625
127.25
129.0
129.0
129.125
128.25
127.875
127.125
126.75
127.125
127.375
127.0
127.75
128.25
130.5
127.5
132.25
130.0
128.875
128.375
128.0
128.75
128.0
127.625
127.25
127.875
126.5
126.0
126.375
126.75
126.0
125.125
126.25
125.0
125.875
125.25
126.375
124.75
126.0
126.125
126.125
125.5
125.375
125.0
123.125
125.875
125.25
126.625
125.5
125.5
125.5
127.0
125.0
125.625
125.75
128.5
127.5
126.875
126.75
125.375
126.875
125.0625
126.0
126.25
128.375
128.375
127.75
127.125
126.875
127.0
126.75
126.875
129.66666666666666
130.25
127.0
128.5
128.75
127.75
128.5
127.125
129.375
127.5
127.5
126.75
110.2
128.3125
131.875
131.625
128.875
128.375
111.6875
113.91666666666667
116.83333333333333
126.0
132.0
127.5
128.75
127.75
103.66666666666667
108.8125
122.9375
127.4
128.875
130.375
129.5
94.75
91.58333333333333
130.6
118.23076923076923
120.8125
132.16666666666666
130.0
130.0
128.625
129.875
129.0
128.875
129.25
126.625
129.75
130.75
129.375
126.92307692307692
128.875
129.375
128.875
127.5
128.875
127.0
127.25
127.5
126.0
126.25
127.5
126.5
126.125
125.25
128.125
127.125
125.375
126.625
125.875
126.125
126.25
125.25
124.75
125.375
126.625
127.0
127.0
126.75
125.25
125.375
125.75
125.75
127.125
125.875
124.875
125.375
126.0
125.125
101.6875
101.46666666666667
101.9375
101.125
100.8125
101.14285714285714
101.25
103.22222222222223
102.5
100.9375
99.625
100.375
101.125
101.2
101.625
103.4
101.23076923076923
102.125
100.875
101.375
99.625
100.6875
100.78571428571429
101.875
102.625
100.5
101.4375
102.0
101.125
101.5
100.86666666666666
101.9375
100.5
102.0
103.0
101.8125
101.875
101.375
100.0625
98.5625
101.5625
100.5
100.1875
98.1875
100.8125
99.25
100.3125
100.1875
100.1875
100.875
101.5
100.8125
100.8125
100.625
101.5
99.375
99.9375
101.875
101.38461538461539
101.125
102.35714285714286
100.84615384615384
98.5625
100.1875
99.41666666666667
100.6875
99.84615384615384
100.75
101.25
101.1875
100.93333333333334
98.0625
101.6875
101.25
98.0
99.75
102.25
101.85714285714286
100.0625
100.4375
99.1875
101.0625
99.125
100.125
100.5
102.81818181818181
98.0625
102.81818181818181
101.8125
100.3125
100.4375
102.57142857142857
100.75
101.0
101.5625
101.8125
102.75
101.75
103.21428571428571
102.25
97.9375
100.875
99.9375
100.5625
101.1875
100.875
100.1875
100.875
100.125
104.5
100.0
102.0
100.25
100.33333333333333
102.8125
102.25
99.8125
99.8125
99.6875
99.5
100.8125
100.0
99.9375
99.5
101.13333333333334
102.14285714285714
102.1875
103.25
96.4375
95.625
100.375
101.375
101.75
101.625
102.75
101.0625
100.5
98.125
98.125
98.4375
101.46666666666667
101.13333333333334
100.5625
100.6875
100.375
99.125
102.8125
96.8125
97.75
101.6875
103.3125
101.625
100.6875
98.625
100.5625
101.75
99.875
100.8125
99.75
99.0625
100.0
102.0
102.125
101.4
100.77777777777777
99.5
101.6923076923077
102.875
99.375
102.42857142857143
100.38461538461539
99.6875
98.84615384615384
100.0
100.57142857142857
97.875
101.33333333333333
101.33333333333333
99.0625
99.0
100.4
98.2
93.75
100.5
94.0
99.0
95.3125
99.66666666666667
97.53333333333333
98.6
97.125
100.0
99.4
101.33333333333333
100.0
98.06666666666666
100.78571428571429
99.36363636363636
100.8125
97.75
101.0
100.625
98.1875
99.125
99.75
99.75
101.73333333333333
100.46666666666667
97.9375
99.4375
100.1875
101.35714285714286
100.9375
99.5625
102.0
101.9375
100.625
104.5
104.0
100.9375
102.125
101.375
105.25
101.1875
103.0625
104.75
99.75
105.125
101.3125
101.8125
101.6875
100.3125
101.28571428571429
103.21428571428571
103.0
101.125
103.06666666666666
100.9375
103.78571428571429
100.86666666666666
100.53846153846153
105.25
100.3125
101.5625
101.6875
103.66666666666667
102.8
104.66666666666667
103.57142857142857
101.64285714285714
101.75
102.16666666666667
103.25
104.8125
101.25
103.5
103.6
104.5
101.08333333333333
103.66666666666667
101.8125
102.66666666666667
98.53846153846153
103.625
100.75
101.91666666666667
102.5
103.33333333333333
103.0
102.0
105.0
102.4
102.44444444444444
103.0
103.33333333333333
103.75
104.0
107.0
102.23076923076923
102.0
103.625
101.0
104.0
101.5625
103.8
100.07692307692308
101.73333333333333
102.07142857142857
101.92857142857143
104.83333333333333
102.61538461538461
101.1875
101.3125
102.4
101.0
102.0
103.1875
100.46666666666667
99.375
103.27272727272727
103.0
101.4375
104.5
101.75
101.35714285714286
101.5
100.75
100.9
100.625
103.6875
102.3125
103.1875
101.0
105.18181818181819
100.125
100.8125
100.75
97.4375
101.25
100.1875
99.875
96.75
100.4375
98.1875
101.15384615384616
97.1875
96.5
93.75
94.6875
99.0
92.66666666666667
96.5
96.7
93.875
96.0
97.0
95.125
94.75
97.0
96.3125
96.0625
96.0625
95.625
96.0
96.0
96.875
96.1875
96.75
96.5
95.4375
96.8125
96.5
96.25
96.875
95.5
96.125
95.875
96.375
96.0625
95.25
97.75
94.1875
96.375
96.75
97.0
95.9375
96.0
95.75
96.0625
95.625
96.75
95.75
95.875
96.6875
96.4375
95.75
96.3125
96.0625
95.375
95.625
95.625
95.25
95.8125
96.5
95.9375
96.66666666666667
96.4375
97.0
96.0
96.25
96.3125
96.25
95.6875
96.4375
96.42857142857143
94.75
96.375
96.93333333333334
96.1875
96.4375
95.6875
95.75
96.66666666666667
95.3125
96.0
96.13333333333334
95.75
94.5
95.9375
97.1875
95.75
96.5
95.86666666666666
93.8125
96.25
94.5
95.5625
95.5
96.86666666666666
94.75
96.25
95.625
97.0
95.625
97.25
95.75
95.9375
94.8125
96.375
96.125
96.0
96.0625
97.0
96.3125
96.6875
96.375
96.3125
95.875
95.5625
96.25
96.0
96.3125
95.8125
95.0
95.5
96.0
93.625
100.4
97.5
96.9375
100.33333333333333
102.92857142857143
96.3125
99.3125
100.125
100.0625
102.0
107.0
101.0
103.5
106.0
103.0
108.66666666666667
111.0
112.0
nan
114.0
112.0
111.0
110.57142857142857
114.25
108.0
112.0
112.0
112.375
112.5
112.75
nan
112.125
112.875
113.125
113.53846153846153
114.9375
114.0
113.5
114.5
112.4375
114.125
113.61538461538461
114.0
117.25
113.38461538461539
114.125
113.55555555555556
118.3
117.8125
114.8125
116.6
119.57142857142857
118.5
117.5
121.14285714285714
121.46666666666667
118.5
121.0625
120.25
120.57142857142857
122.375
123.75
123.625
124.5
124.375
122.0
125.5
124.1875
125.625
124.375
126.0
129.625
131.0
127.5
127.5
127.0
131.4
127.0
128.25
125.53333333333333
127.8
130.27272727272728
127.0
125.0
122.8125
128.0
127.375
125.625
129.8
126.0
127.75
125.375
125.25
126.46666666666667
125.875
125.5
126.625
127.375
130.125
126.33333333333333
128.125
127.0
125.75
128.375
125.66666666666667
125.375
125.57142857142857
124.0
126.0
124.8
124.125
125.375
124.875
124.73333333333333
126.5
124.3125
126.125
125.5
125.625
123.57142857142857
124.63636363636364
124.625
128.0
126.38461538461539
126.25
123.4375
124.38461538461539
124.875
124.875
126.16666666666667
127.0
125.0
124.625
124.5
125.26666666666667
125.0
124.75
125.375
124.4375
125.42857142857143
125.0
124.75
124.83333333333333
124.53846153846153
126.0
126.55555555555556
125.0
126.875
126.0
125.5
124.0
124.125
124.84615384615384
124.25
125.53333333333333
124.73333333333333
123.8125
124.46666666666667
124.73333333333333
124.875
124.625
124.07692307692308
124.875
125.0
125.125
124.875
126.0
123.5
124.625
125.375
127.0
125.75
125.125
125.375
126.25
127.93333333333334
126.0
123.5
131.16666666666666
131.93333333333334
128.16666666666666
126.81818181818181
126.4
129.5
123.75
127.875
127.5
126.375
123.57142857142857
126.125
125.625
124.38461538461539
126.625
125.875
127.5
128.5
127.25
129.71428571428572
127.0
126.75
126.125
128.14285714285714
127.375
128.75
126.25
130.125
127.625
128.0
130.6
126.0
127.125
125.33333333333333
127.5
127.0
124.625
129.375
127.5
127.6
128.6
127.75
130.5
126.25
127.5
125.0
129.83333333333334
129.30769230769232
127.16666666666667
126.4
125.5
126.57142857142857
130.2
128.14285714285714
126.0
126.0
124.125
125.875
126.5
126.375
124.84615384615384
126.0
126.75
128.46666666666667
125.66666666666667
124.33333333333333
125.07142857142857
125.0
125.53333333333333
126.0
127.375
126.375
125.85714285714286
126.0
127.75
126.73333333333333
128.375
127.44444444444444
125.71428571428571
127.625
127.0
128.125
126.57142857142857
126.5
126.875
129.25
127.75
125.125
126.4
127.54545454545455
127.125
128.2
128.27272727272728
126.5
125.88888888888889
125.0
127.0
125.83333333333333
128.73333333333332
126.77777777777777
125.85714285714286
126.83333333333333
126.66666666666667
127.36363636363636
126.57142857142857
128.0
127.0
130.83333333333334
124.53846153846153
126.0
125.5
124.0
126.4
123.8
129.5
123.0
123.88888888888889
126.5
124.0
125.0
125.2
121.71428571428571
126.2
123.0
123.72727272727273
124.27272727272727
126.8
124.63636363636364
124.33333333333333
123.83333333333333
124.83333333333333
125.75
123.58333333333333
125.9090909090909
123.1875
122.9375
124.38461538461539
125.125
123.33333333333333
122.66666666666667
123.66666666666667
123.9090909090909
124.0909090909091
124.66666666666667
123.0
125.2
125.0
123.0
124.0
126.875
124.45454545454545
123.4
123.4
126.45454545454545
124.14285714285714
125.0
125.0
125.0
125.0
125.85714285714286
126.0
124.5
123.14285714285714
122.375
126.16666666666667
129.36363636363637
124.0
125.25
127.0
125.5
128.2
124.66666666666667
124.77777777777777
128.625
125.83333333333333
125.53333333333333
124.53846153846153
125.625
126.625
126.5
125.75
123.9375
124.75
124.75
125.75
126.45454545454545
124.55555555555556
126.75
123.625
124.875
125.25
125.93333333333334
124.71428571428571
124.1875
124.625
122.9
126.5
123.75
125.3076923076923
122.5
128.75
124.6
125.54545454545455
124.71428571428571
125.2
127.83333333333333
126.0
127.375
126.73333333333333
125.5
127.125
127.25
124.27272727272727
126.2
123.8125
127.0
125.61538461538461
125.53333333333333
125.72727272727273
125.15384615384616
125.625
125.54545454545455
124.75
127.125
124.875
125.18181818181819
127.625
123.875
126.125
125.13333333333334
126.0
125.71428571428571
125.5
125.5
126.16666666666667
127.54545454545455
125.5
125.76923076923077
127.0
124.33333333333333
126.84615384615384
122.66666666666667
123.42857142857143
123.5
125.0
125.625
124.0
127.375
125.625
126.14285714285714
125.76923076923077
124.5
123.66666666666667
126.11111111111111
125.13333333333334
125.93333333333334
124.66666666666667
126.625
127.125
125.93333333333334
126.66666666666667
126.6
126.125
127.0
128.2
127.0
126.625
127.0
126.0
125.72727272727273
127.75
127.0
127.72727272727273
126.625
126.75
123.8
126.5
126.0
125.25
124.25
125.57142857142857
124.66666666666667
122.66666666666667
123.25
122.625
126.0
124.25
123.54545454545455
125.0
122.27272727272727
121.57142857142857
122.5
121.25
122.75
124.5
122.58333333333333
125.66666666666667
125.0
124.66666666666667
123.0
122.4
125.16666666666667
126.75
124.5
124.63636363636364
124.75
123.77777777777777
127.83333333333333
122.16666666666667
124.42857142857143
127.0
125.16666666666667
124.66666666666667
124.5
125.66666666666667
122.9090909090909
124.0
123.8
123.9090909090909
125.15384615384616
123.5
123.5
124.0
123.0
124.75
127.0
124.45454545454545
126.75
125.13333333333334
130.75
128.0
126.0
125.28571428571429
124.42857142857143
123.53846153846153
125.0
125.5
128.0
125.0
125.61538461538461
128.11111111111111
126.5
127.125
126.83333333333333
125.18181818181819
125.5
125.875
126.42857142857143
127.33333333333333
125.0
127.61538461538461
125.61538461538461
127.0
126.14285714285714
129.0
125.8
125.25
124.42857142857143
127.28571428571429
126.83333333333333
126.0
126.0
124.0
124.75
125.0
124.83333333333333
127.0
124.33333333333333
125.25
125.44444444444444
125.28571428571429
125.0
126.625
125.57142857142857
125.875
124.33333333333333
125.92307692307692
124.2
124.5
126.84615384615384
126.5
126.0909090909091
126.75
127.2
129.88888888888889
125.72727272727273
125.85714285714286
124.73333333333333
127.92307692307692
125.57142857142857
125.42857142857143
127.0
125.33333333333333
123.4
124.5
126.0
124.75
124.66666666666667
123.92307692307692
127.57142857142857
128.63636363636363
125.0
125.0
125.85714285714286
124.66666666666667
125.0
125.8
127.9090909090909
125.5
125.4
124.84615384615384
125.5
125.4
126.33333333333333
126.0909090909091
124.125
126.75
125.0625
125.75
123.875
124.875
124.625
126.375
125.0
124.5
123.5
125.625
123.25
124.0625
126.75
125.625
125.75
124.125
124.375
130.0
126.0
124.875
125.0
125.4
126.2
126.45454545454545
128.8181818181818
126.77777777777777
130.42857142857142
127.25
133.22222222222223
129.0
127.0
127.25
128.375
126.25
126.71428571428571
126.84615384615384
125.9090909090909
129.875
125.57142857142857
124.61538461538461
128.0
127.25
124.125
127.0
125.2
126.0
124.0
126.125
124.375
124.6
126.5
126.125
128.625
125.875
126.375
125.85714285714286
125.46153846153847
125.75
126.625
126.625
126.5
125.92307692307692
129.13333333333333
126.875
126.73333333333333
128.0
129.2
127.0
127.54545454545455
131.33333333333334
129.0
127.0
127.0
131.22222222222223
127.0
126.375
125.0
126.5
126.42857142857143
126.2
126.06666666666666
126.375
124.75
127.125
126.875
126.625
125.125
126.25
126.625
125.0
125.0
124.75
125.3076923076923
127.93333333333334
125.16666666666667
127.88888888888889
129.15384615384616
127.0
129.0
129.66666666666666
129.0
127.0
126.66666666666667
127.13333333333334
128.0
127.0
128.0
127.5
127.125
128.2
125.0
126.875
129.66666666666666
127.0
125.16666666666667
125.625
127.26666666666667
126.4
128.0
129.25
130.42857142857142
127.125
128.875
128.625
128.625
127.2
127.125
130.45454545454547
131.33333333333334
127.375
124.5
127.375
126.5
129.66666666666666
125.75
127.0
124.57142857142857
129.0
125.5
127.71428571428571
127.5
126.5
126.0
127.22222222222223
126.6923076923077
125.5
128.25
124.75
126.4
125.5
125.5
127.0
130.625
128.0
125.0
124.38461538461539
125.0
127.25
127.22222222222223
127.0
127.0
124.5
125.25
125.53333333333333
127.0
129.875
126.2
126.625
128.5
125.6
125.42857142857143
126.6
126.875
126.6923076923077
127.15384615384616
128.33333333333334
127.5
127.0
128.5
126.0
129.76923076923077
128.33333333333334
126.85714285714286
130.84615384615384
128.53846153846155
131.5
127.85714285714286
129.15384615384616
126.46666666666667
127.0
126.75
128.25
125.0
127.0
125.375
126.42857142857143
126.46666666666667
127.5
128.75
127.625
127.25
129.875
130.25
128.5
126.25
128.625
128.25
127.0
127.66666666666667
127.28571428571429
128.86666666666667
129.93333333333334
128.0
125.0
126.625
130.125
126.875
127.0
130.25
127.75
126.25
127.25
128.0
125.75
126.75
126.5
125.25
127.75
124.375
128.55555555555554
124.25
127.25
126.375
129.0
127.125
127.5
127.4
125.0
127.4
128.83333333333334
128.2
126.46666666666667
127.5
124.38461538461539
127.125
129.53333333333333
127.25
127.0
126.23076923076923
125.71428571428571
125.75
126.75
125.5
126.875
128.375
127.57142857142857
125.875
128.625
127.0
126.75
126.875
127.125
127.5
127.25
131.66666666666666
126.75
127.75
126.875
125.75
125.375
126.38461538461539
125.375
127.0
128.69230769230768
126.0
126.38461538461539
126.46666666666667
130.125
127.0
125.125
125.0
130.625
130.875
127.0
125.16666666666667
125.53333333333333
128.07692307692307
126.0
125.25
125.125
126.25
125.16666666666667
127.0
128.0
127.33333333333333
128.625
126.375
129.0
127.5
127.0
128.5
125.5
128.86666666666667
127.0
126.5
129.0
129.0
129.625
128.2
129.375
130.86666666666667
127.5
125.5
126.625
130.85714285714286
129.25
126.5
128.2
127.0
128.25
126.6
128.45454545454547
129.36363636363637
129.125
128.0
127.5
127.75
127.25
130.25
127.5
127.875
127.125
126.25
126.375
127.625
125.88888888888889
124.875
126.0
125.0
125.375
126.625
125.25
124.875
125.125
124.75
125.0
125.5
126.0
125.375
126.0
126.07692307692308
127.15384615384616
126.75
132.2
126.875
128.11111111111111
124.125
127.14285714285714
127.0
124.5
126.5
130.66666666666666
125.5
124.6923076923077
131.9090909090909
125.66666666666667
127.0
127.0
127.0
127.57142857142857
127.42857142857143
128.125
126.75
126.375
125.875
126.25
127.75
125.875
127.25
127.875
129.5
128.5
125.0
124.625
126.5
127.5
127.125
126.625
128.0
128.33333333333334
130.375
127.75
128.25
128.625
128.0
126.625
125.25
130.375
127.875
128.375
132.375
127.75
129.5
129.125
127.625
129.625
129.125
126.75
126.46666666666667
129.875
129.75
127.5
126.75
127.375
128.625
127.0
126.875
127.25
128.25
129.5
130.625
128.625
128.75
124.25
127.125
126.33333333333333
126.75
129.0
132.5
128.125
131.625
127.25
128.75
130.125
127.75
125.875
129.25
125.5
128.0
126.125
128.0
127.0
127.25
127.0
127.75
129.125
127.625
128.75
129.125
127.0
127.0
130.375
129.75
127.25
128.75
125.75
128.75
128.75
128.625
126.5
126.0
126.875
125.75
126.625
124.875
126.4
126.5
126.875
126.375
126.625
127.25
128.75
127.375
128.25
127.125
126.5
126.875
127.75
128.25
126.375
130.0
127.0
127.0
129.0
127.875
127.0
129.125
128.5
126.0
125.5
126.5
127.625
126.5
125.0
126.125
127.25
126.875
127.125
125.75
125.875
126.875
124.66666666666667
129.0
125.25
125.0
127.71428571428571
128.85714285714286
123.75
125.5
126.125
126.25
126.125
126.25
126.0
125.54545454545455
124.71428571428571
125.66666666666667
123.5
127.85714285714286
123.22222222222223
123.93333333333334
125.71428571428571
122.0625
123.22222222222223
121.25
124.0
121.5625
126.66666666666667
124.14285714285714
127.14285714285714
128.83333333333334
123.25
127.0
127.0
127.0
127.125
127.75
130.46666666666667
131.0
127.42857142857143
129.375
127.22222222222223
125.5
131.26666666666668
129.4
128.33333333333334
130.625
128.6
130.5
127.125
126.07692307692308
127.5
126.375
129.71428571428572
129.0
127.625
131.44444444444446
129.625
94.5
93.6875
93.875
94.5
94.375
94.1875
94.3125
93.6875
94.25
94.625
94.125
93.8125
94.1875
94.1875
94.375
93.75
93.8125
94.375
93.375
94.3125
94.0
93.9375
94.3125
94.375
94.375
94.4375
93.6875
94.5625
94.5
94.5
94.125
94.0
94.375
94.3125
94.25
93.9375
93.9375
93.75
93.875
94.3125
95.0625
93.9375
94.0
94.25
94.1875
94.625
93.375
93.8125
94.5625
93.75
94.0
94.5625
94.625
94.125
94.0
94.125
94.25
93.5
93.875
94.8125
94.125
94.375
94.4375
93.875
94.375
93.8125
94.375
94.0625
94.0
93.875
94.6875
94.5
93.875
94.375
93.1875
94.4375
94.25
94.125
94.5
94.3125
94.0
93.6875
95.0
94.0
93.5
94.375
93.875
94.125
94.5625
94.3125
94.1875
94.9375
94.25
94.5
94.625
94.5625
94.6875
94.5625
94.875
95.25
94.9375
94.1875
95.8125
95.375
95.0
96.125
95.4375
95.8125
95.25
96.25
96.125
95.8125
96.1875
95.3125
95.75
95.9375
96.375
95.5625
96.5
95.9375
95.3125
95.4375
95.125
96.25
95.5625
95.625
96.3125
95.375
96.25
84.75
86.6875
75.375
78.9375
80.5625
76.5625
76.3125
76.9375
77.0
77.0
77.0
86.8125
82.1875
79.25
76.75
79.0
76.9375
76.75
76.5
76.9375
76.875
76.4375
76.75
76.875
76.25
76.125
76.25
76.3125
76.0
76.0625
76.0
76.0
75.375
75.0
75.25
73.0625
74.8125
84.875
91.9375
96.0
96.0625
96.0
96.0
95.625
95.625
95.5625
94.0
92.6875
93.1875
93.125
92.25
91.8125
91.625
88.5625
88.0625
86.875
84.125
83.875
83.0
81.25
80.6875
79.625
80.0625
79.4375
79.375
79.4375
79.9375
77.0625
77.375
77.625
77.0
76.1875
78.25
76.75
76.6875
77.0
77.0
77.0
77.0
78.5625
79.3125
79.4375
79.375
79.625
79.9375
80.25
81.1875
81.75
82.375
83.0
84.75
87.1875
89.25
88.75
89.1875
91.8125
93.4375
94.3125
95.28571428571429
95.0
102.0625
103.1875
104.0625
104.6875
110.4375
111.0625
111.3125
113.875
113.125
115.625
119.6875
122.375
122.0
126.75
123.5
88.125
92.33333333333333
118.64285714285714
92.4375
91.8125
93.5
93.5
95.53333333333333
96.0
94.0
93.6875
93.25
94.125
98.18181818181819
98.0
149.8125
103.0
nan
160.2
nan
nan
nan
nan
nan
nan
nan
nan
nan
nan
nan
nan
nan
151.0
149.25
153.0
155.8125
155.25
152.5
155.25
153.5625
85.28571428571429
130.9375
151.625
153.0
152.3125
83.0
83.0
83.25
83.3125
76.75
65.0
64.875
64.6875
64.5
64.375
64.8125
65.4375
65.375
66.3125
66.0
67.0625
97.875
151.0
149.875
148.0
151.0
148.0
148.0
148.0
148.0
148.0
152.5
151.375
151.375
152.25
151.0
151.0
151.0
151.0
151.625
152.25
151.0
151.0
151.125
151.375
151.25
149.5
151.0
151.0
151.0
151.875
148.75
149.625
150.25
150.5
151.0
151.0
68.8125
68.125
68.125
68.3125
69.0
69.4375
69.875
153.375
153.75
152.625
154.5
153.125
139.4375
96.375
108.25
74.125
76.625
71.0
71.5
72.0
78.5
71.0625
71.5
71.1875
82.4375
79.75
76.625
74.4375
72.4375
71.375
81.875
82.9375
77.25
74.5
74.125
72.3125
79.5
72.8125
71.9375
72.0625
76.375
72.1875
72.0625
72.125
72.25
72.1875
72.5
72.75
72.25
74.75
73.0
72.9375
72.75
72.75
73.0
72.8125
93.1875
114.25
97.0625
92.3125
92.25
112.125
132.9375
152.1875
153.5
132.75
152.75
153.0
153.0
152.75
153.1875
153.0
153.375
153.0
155.4375
153.0
153.375
153.0
152.625
153.375
152.75
114.75
153.0
153.0
155.25
155.75
155.25
74.125
154.5
133.36363636363637
98.1
74.6923076923077
81.16666666666667
118.66666666666667
107.4
96.36363636363636
88.16666666666667
92.22222222222223
81.3076923076923
93.33333333333333
88.16666666666667
119.88888888888889
157.2
154.3125
153.0
152.41666666666666
120.27272727272727
153.375
156.25
153.25
115.375
153.375
153.69230769230768
153.0
145.55555555555554
153.0
154.625
155.0
153.0
123.0
153.375
153.5
153.25
151.9375
152.42857142857142
154.5
152.75
153.0
153.0
153.0
155.0625
153.5625
152.0
154.5
153.5625
153.0
154.125
154.125
153.0
153.0
153.0
152.625
155.625
153.75
153.1875
155.8125
153.0
153.1875
153.375
152.25
155.0625
153.1875
153.0
156.1875
154.125
153.375
157.125
153.9375
153.75
153.0
155.8125
155.625
153.1875
156.1875
153.375
153.75
153.0
153.375
153.375
153.0
153.9375
154.6875
153.0
153.75
154.875
153.0
156.0
153.375
153.0
153.0
154.875
153.375
153.0
155.8125
153.75
153.0
153.1875
153.0
153.0
155.8125
153.75
153.0
155.25
153.75
153.5625
153.0
155.8125
154.3125
153.375
153.0
153.0
153.0
153.0
153.9375
153.0
153.0
154.5
153.0
153.0
154.3125
153.375
153.0
155.25
153.5
153.375
155.25
155.0625
153.0
153.75
154.3125
154.6875
155.625
153.5625
153.0
153.0
154.6875
153.0
154.6875
153.1875
153.75
153.1875
153.0
153.0
153.0
153.375
154.875
153.0
153.0
154.6875
154.6875
153.75
156.75
155.25
153.0
155.8125
153.375
153.5625
156.0
153.5625
153.0
156.1875
153.375
155.625
153.5625
153.75
153.75
153.9375
154.125
154.5
153.5625
153.0
153.0
153.0
153.0
155.625
153.0
153.1875
155.25
153.75
153.0
154.5
153.0
153.0
154.5
153.0
155.25
153.9375
153.0
154.3125
153.5625
153.375
153.0
154.3125
153.5625
153.9375
153.1875
153.0
154.6875
155.4375
155.4375
153.0
153.5625
153.75
153.375
154.3125
155.8125
155.25
155.4375
154.5
153.0
153.0
152.5
153.75
153.375
153.5625
155.25
153.0
153.5625
153.75
155.25
154.125
155.625
154.875
153.9375
153.9375
153.9375
154.5
153.5625
153.0
154.5
153.1875
153.0
154.5
153.0
155.25
153.75
153.75
153.0
153.375
153.1875
153.0
153.1875
153.75
153.0
153.375
153.75
153.0
153.0
153.75
153.1875
153.375
154.5
155.625
153.0
153.75
153.1875
153.5625
153.0
153.5625
153.0
154.5
153.75
156.0
153.5625
153.1875
154.125
153.375
153.1875
153.0
154.875
153.0
153.0
154.6875
153.0
153.375
154.125
154.125
153.0
153.75
153.5625
154.5
155.8125
153.375
153.375
155.8125
153.75
153.375
153.9375
155.625
154.5
155.4375
154.5
154.5
154.125
153.9375
155.625
154.125
155.25
155.0625
156.0
155.4375
156.375
155.4375
154.3125
154.3125
154.5
156.375
153.1875
153.0
153.9375
155.0625
153.9375
154.875
154.3125
154.5
153.9375
153.0
154.3125
153.375
153.75
155.8125
153.9375
154.125
153.75
154.6875
154.3125
154.3125
154.125
154.3125
155.4375
153.9375
155.4375
153.375
154.5
154.5
156.375
155.625
154.5
156.0
155.625
154.3125
153.5625
155.25
156.0
154.5
156.9375
155.625
153.75
155.8125
156.375
154.875
153.8125
154.5
153.9375
155.625
154.5
155.0625
155.25
154.125
154.875
154.5
155.8125
154.875
154.6875
155.4375
153.375
154.125
154.5
153.9375
153.75
153.5625
154.875
154.875
154.6875
153.5625
153.0
155.4375
153.0
153.9375
154.125
154.6875
158.0625
154.875
153.375
153.1875
153.0
153.9375
153.375
155.8125
153.375
155.25
153.9375
154.125
153.75
154.5
153.375
154.3125
154.5
157.875
153.375
153.9375
155.625
155.625
155.4375
153.0
153.1875
153.75
154.5
154.125
155.625
154.5
157.3125
154.875
154.5
155.8125
155.4375
153.75
133.8125
153.5625
153.75
153.1875
154.875
153.0
153.9375
155.0625
155.25
153.0
156.0
155.0625
153.75
153.375
153.5625
133.8125
155.25
155.4375
156.0
155.8125
155.625
154.125
153.9375
153.75
156.1875
154.875
153.0
155.4375
156.75
154.3125
155.625
154.5
154.875
154.5
154.125
153.9375
155.625
155.8125
155.4375
149.0
153.9375
153.9375
123.8125
155.0625
157.6875
155.8125
155.25
155.625
156.0
154.3125
155.0625
156.75
155.4375
153.9375
157.125
155.625
156.0
156.75
155.25
154.875
156.75
156.0
154.5
155.625
154.3125
156.5625
155.0625
153.1875
154.5
155.8125
155.625
156.0
156.5625
155.8125
156.0
155.625
155.25
155.25
155.625
154.5
153.5625
156.0
154.875
156.375
155.25
153.9375
155.25
156.1875
154.3125
156.9375
156.5625
153.75
156.75
154.5
153.5625
155.25
156.0
156.0
154.3125
155.25
155.25
156.0
154.5
153.375
153.0
153.375
153.0
153.0
154.3125
136.07142857142858
153.4375
153.0625
151.5
155.25
154.5
135.69230769230768
156.0
154.875
156.46153846153845
155.0625
154.125
156.9375
154.125
153.0
155.4375
155.25
156.0
154.5
155.0625
156.0
156.9375
154.875
153.75
156.0
154.3125
153.0
153.0
153.1875
153.375
127.75
101.875
118.3125
135.5
118.8125
81.625
140.0625
114.25
108.5625
113.4375
129.4375
112.625
155.4375
149.875
154.5
123.1875
153.375
153.0
153.75
153.0
153.9375
155.625
156.0
154.5
153.75
156.1875
155.0625
155.625
136.88888888888889
70.0
112.25
69.15384615384616
69.875
70.0
70.0
69.375
69.0625
69.4375
69.0
69.6875
69.5
69.3125
69.4375
69.0
69.125
70.0
69.75
70.0
69.125
69.125
69.0
69.625
69.1875
69.375
69.875
69.0
69.1875
69.0
69.5
70.0
69.875
70.0
69.3125
69.625
70.0
70.0
69.875
70.0
69.0625
70.0
70.0
70.0
69.125
69.0
70.0
70.0
70.0
69.9375
70.0
70.0
69.875
70.0625
69.875
69.625
70.0
70.0
70.0
69.9375
70.0
70.0
70.0
70.0625
70.0
70.0
70.0
70.25
69.4375
69.875
70.0
69.875
70.08333333333333
70.0
69.8125
70.0
70.0
70.0
70.0
70.0
70.0
70.0
70.75
70.9375
70.0
75.53846153846153
85.63636363636364
152.5
155.625
155.8125
153.5
155.25
156.0
155.8125
153.375
156.75
153.0
154.3125
153.9375
86.75
114.625
103.625
71.0
71.0
71.0
70.375
70.0
70.0
70.25
71.0
71.0
71.0
71.0
71.0
71.1875
71.875
72.0
72.0
72.3125
73.0
73.125
73.0
73.0
73.0
73.0
73.5
74.0
74.0
74.0
74.8125
74.25
76.0
76.25
76.0
77.75
79.0
79.5
87.86666666666666
88.55555555555556
91.9375
91.9375
94.8125
128.125
128.875
130.125
128.125
125.0
125.875
123.375
122.875
121.5
120.5
119.375
118.5
117.75
117.0
115.75
114.625
113.1875
112.625
112.125
112.0
111.875
112.0
112.5625
110.0
110.3125
112.0
110.93333333333334
107.125
105.6875
105.8125
106.5
106.4375
107.0
111.4375
109.3125
110.0625
106.3125
102.875
102.75
102.4375
102.125
102.0
95.6875
96.0
95.125
96.33333333333333
95.21428571428571
95.9375
100.5
99.0
99.0
98.25
98.125
97.375
98.75
98.5625
98.5
95.5625
96.25
96.0625
96.5
95.75
94.9375
93.9375
93.875
93.5625
93.1875
93.0
92.125
91.875
92.375
92.25
91.5
91.5625
91.3125
92.5
93.375
95.75
95.875
95.6875
95.3125
95.5625
95.875
95.3125
95.75
95.5625
95.3125
95.375
95.4375
95.5
95.25
95.875
96.0
96.0
95.3125
95.875
95.75
95.8125
95.5625
95.5625
96.0
96.0625
95.75
95.0
96.0
95.9375
95.75
95.8125
95.375
96.0
95.0625
96.125
95.875
95.625
95.625
95.875
95.5625
95.625
95.9375
96.0
95.875
95.75
95.1875
95.5625
95.6875
95.8125
95.625
95.5
95.8125
95.875
95.9375
96.0
96.0
95.5
96.1875
95.0625
94.9375
95.1875
95.8125
95.125
95.5625
94.8125
95.375
95.125
95.875
95.875
95.6875
95.8125
95.5
95.8125
95.875
95.625
95.75
95.5625
96.0
95.3125
95.5
96.25
96.0
95.6875
96.0625
96.5
95.8125
95.6875
95.375
96.0
96.1875
96.0
96.4375
96.4375
95.75
96.0625
96.8125
96.125
96.0
96.5
95.8125
96.8125
95.875
96.5
96.1875
96.0
96.3125
96.375
96.0
95.5
95.5625
95.0
96.1875
95.875
95.5
96.0
96.1875
95.8125
96.5
96.0625
96.0625
95.875
95.5625
96.125
95.375
95.25
95.9375
95.625
95.6875
95.75
95.5
95.0
95.8125
95.9375
96.4375
95.75
96.0
96.625
96.375
96.3125
96.5
96.6875
96.75
96.9375
97.625
97.0625
97.0
98.0
97.0
97.75
97.0
96.8125
97.0
97.625
98.0
98.0
97.5
97.0
98.0
97.0
97.25
96.5
96.625
97.0
96.25
96.0625
96.5625
96.3125
96.4375
96.625
96.875
96.375
96.6875
97.125
96.9375
96.625
97.0
96.8125
96.75
96.25
96.5
96.5
96.5
96.375
96.6875
96.0
96.125
96.3125
96.25
96.25
96.5625
96.25
96.75
96.25
96.125
96.5625
96.4375
97.25
97.625
98.375
97.375
97.5
97.875
97.125
97.0
96.75
97.25
97.4375
97.125
96.6875
96.625
96.5
96.75
96.75
96.5625
96.0625
96.0
96.0625
96.4375
96.5
96.0
96.5
96.0625
96.0
96.5625
96.75
96.5
96.3125
96.3125
96.1875
96.0625
96.5
96.5
96.5
95.75
96.375
96.25
96.75
96.0
96.0625
96.25
96.25
96.4375
96.25
96.3125
96.5
96.6875
96.3125
96.3125
96.5
96.0625
95.875
96.0
96.3125
96.25
96.0625
96.1875
96.5
96.8125
96.5
96.5
96.5
96.0625
96.1875
96.25
96.3125
96.0625
96.0625
96.75
96.5
96.25
96.125
96.5
96.5
96.25
96.5
96.75
96.5625
96.5
96.375
96.875
96.0
96.5
96.5
96.5
96.8125
96.375
96.125
96.125
96.5
96.5
96.5
96.75
96.0
96.5
96.5625
96.3125
96.6875
96.125
96.3125
96.75
96.6875
96.5
96.5
96.25
96.25
96.75
97.125
96.75
96.3125
97.0
96.625
96.6875
96.5625
96.5
96.375
96.9375
96.4375
96.75
96.75
96.25
96.3125
96.4375
96.75
96.3125
96.75
96.6875
96.25
96.5625
96.5
96.375
96.0
96.4375
96.5625
96.5
96.5625
96.3125
96.25
96.0625
96.0625
96.75
96.6875
96.5
96.75
96.625
96.75
96.625
96.3125
95.9375
96.75
96.25
96.25
96.0625
96.625
96.1875
95.875
96.75
96.5625
96.3125
96.8125
96.5
96.625
96.625
95.875
96.5
96.5
96.1875
96.4375
96.6875
95.9375
96.0625
96.6875
96.25
96.8125
96.6875
96.3125
96.375
96.125
96.1875
96.25
96.625
96.5
96.875
96.4375
96.4375
96.875
96.375
96.5
96.75
96.4375
96.625
96.75
96.6875
96.8125
96.25
96.4375
96.4375
96.5625
96.625
96.5625
96.875
96.125
96.625
97.0
96.625
96.8125
97.0
96.8125
97.0
97.0
96.875
97.0
97.125
97.0
96.6875
97.0
97.0
96.875
96.8125
97.0
96.6875
97.0
97.0
97.8125
97.0
97.125
96.5625
96.6875
96.25
97.125
95.75
96.4375
97.0
96.5
96.3125
96.6875
96.0
96.75
96.25
96.75
96.5
97.0
96.5625
96.875
96.5
96.9375
96.0
96.875
96.625
97.125
96.5625
96.5625
96.6875
96.5
96.6875
96.25
97.125
96.8125
97.0
97.0
97.125
97.0
96.9375
96.6875
97.0
97.0
97.0
96.875
96.75
96.625
97.0
96.5625
97.0
96.75
96.8125
97.0
96.8125
96.5625
97.0
97.0
96.875
96.875
96.875
97.0
96.625
96.9375
96.8125
96.625
96.5
97.25
96.875
96.6875
96.5625
96.75
96.75
97.0
96.875
97.0
97.0
97.0
97.0
96.8125
96.875
96.875
97.0
96.4375
97.0
96.875
96.625
96.8125
96.875
96.875
97.0
96.8125
97.125
96.8125
96.75
97.0
96.6875
96.5
96.8125
96.5625
97.0
97.0
95.625
96.3125
96.5
97.125
97.0
96.9375
96.625
97.0
97.0
97.125
97.0
96.9375
97.0
96.875
96.625
97.0625
97.125
96.5625
97.0
97.0
96.625
97.375
97.0
96.6875
97.0
97.125
97.0
97.125
97.125
97.0
96.6875
96.5625
97.0
96.75
97.0
97.5
97.0
96.625
96.75
97.5
97.25
96.625
97.125
97.125
97.0
97.0
96.8125
97.125
97.125
97.0
97.0
96.9375
97.0
97.0
96.8125
97.0
97.0
96.8125
96.8125
97.125
97.125
97.0
97.25
96.75
97.125
97.75
97.25
96.625
96.8125
97.0
96.625
97.125
96.75
97.0
97.125
97.125
97.0
97.25
97.25
97.0
97.125
97.125
96.5625
97.0
97.0
97.125
97.0
97.125
97.0
97.5
96.75
97.125
97.0
97.0
97.0
97.25
97.375
97.5
97.0
97.0
96.75
96.5
96.9375
97.5
97.25
97.0
97.0
97.0
96.8125
97.0625
97.125
97.625
97.125
97.125
97.375
97.9375
97.25
96.8125
97.0
97.375
97.0
97.25
96.875
97.125
97.5
97.125
97.0
97.375
97.125
97.0
97.0
96.875
97.0
97.25
97.25
97.0
96.875
97.0
97.0
97.0
97.0
96.8125
96.8125
96.75
97.5
97.125
97.0
97.125
97.0
97.0
97.25
97.0
96.9375
97.0
97.25
96.8125
97.125
97.875
97.0
96.75
97.0
97.125
97.125
97.625
96.75
97.5
96.9375
96.8125
97.625
96.75
96.75
97.25
97.0
96.9375
96.875
97.5
97.0
97.75
97.0
96.9375
96.9375
96.75
97.0
97.0
97.125
97.25
97.25
97.0
97.625
96.75
97.0
97.0
96.8125
97.125
97.125
97.125
97.625
97.0
97.0
96.9375
97.5
96.6875
96.75
96.5625
96.875
96.75
96.8125
97.0
97.25
97.125
97.0
96.9375
97.0
97.0
96.6875
96.875
97.625
97.125
97.0
96.8125
96.8125
97.0
97.75
98.25
97.25
96.75
97.0
97.375
96.5625
98.0
96.25
97.625
98.5625
97.875
99.0
98.5
98.5
99.25
97.0
99.0
98.8125
99.5
98.25
97.875
97.625
96.4375
97.75
97.875
98.0
97.0
99.375
97.0
97.875
96.75
97.0
97.0
97.125
97.0
97.0
97.0
97.0
97.0
98.5
97.25
99.25
98.5
99.625
99.8125
100.0
100.375
100.4375
100.0
100.4375
100.4375
100.1875
100.9375
100.25
100.4375
100.75
100.8125
100.3125
100.0625
100.8125
100.625
100.0625
100.3125
100.9375
100.5625
99.8125
100.0
99.5
99.625
99.5
100.25
97.5
97.375
98.0
97.25
95.5
96.1875
96.25
96.8125
94.25
95.3125
95.4375
95.5
95.5
95.25
95.0
94.9375
94.8125
94.5625
94.0
93.875
93.875
94.1875
93.625
93.25
93.125
93.25
93.0
92.8125
92.5625
92.5625
93.1875
92.6875
93.3125
93.0625
92.375
94.125
93.375
94.1875
93.875
93.3125
93.5
94.4375
92.875
94.375
93.4375
93.75
94.625
93.375
93.3125
93.75
93.6875
94.0
94.3125
94.125
93.1875
93.875
93.75
94.375
94.0625
94.0625
93.5
94.125
93.9375
93.8125
93.375
94.3125
93.0625
93.0625
92.9375
94.3125
93.625
93.375
93.625
93.5
93.625
93.375
93.25
92.25
92.5
92.8125
92.8125
92.5
92.5
92.5625
93.1875
93.125
92.8125
94.25
92.5
92.5
92.625
92.625
92.4375
92.4375
92.75
92.5625
92.75
93.125
92.8125
92.8125
92.5
92.75
92.6875
92.9375
93.5625
94.3125
92.8125
93.1875
93.125
93.0625
93.0625
93.0
93.125
92.875
93.25
93.5
92.75
93.3125
93.5
93.625
93.125
93.5
92.875
92.9375
92.5
92.9375
93.25
92.625
92.8125
92.6875
92.8125
92.9375
92.6875
92.4375
92.75
92.8125
92.875
94.0
93.0
93.0
92.5625
94.625
92.875
92.5
93.1875
92.6875
92.9375
94.375
93.0
92.9375
92.8125
92.75
92.5
92.4375
91.6875
93.5
92.875
92.75
92.75
92.4375
90.9375
92.5
92.4375
92.625
92.5
91.625
92.25
91.4375
92.0
92.375
92.8125
92.625
93.75
93.0625
90.9375
93.125
91.6875
92.625
92.25
93.0
92.5
93.0
93.1875
92.9375
93.125
93.25
92.875
93.8125
92.75
92.9375
93.1875
92.625
92.6875
92.5625
92.375
92.5
92.0625
92.5
92.5625
92.5
92.125
93.1875
92.5
92.5625
93.25
93.0
93.875
93.6875
92.875
92.5
93.0
92.5625
93.25
92.8125
93.3125
93.1875
92.9375
92.8125
92.875
93.1875
92.6875
93.25
92.6875
93.0
93.0
92.625
93.3125
93.8125
92.375
93.5625
93.875
92.75
93.125
93.25
93.8125
93.5625
93.25
93.5
92.75
93.75
93.1875
93.625
93.125
93.9375
93.125
93.9375
93.5625
92.375
93.375
92.75
92.875
93.5
93.0
92.875
93.75
93.4375
93.625
93.3125
92.8125
93.125
93.25
93.25
92.8125
92.875
92.875
93.8125
93.25
92.875
93.8125
93.625
93.25
93.5625
93.875
93.3125
93.3125
94.0
93.875
92.8125
93.3125
93.6875
93.8125
93.375
93.25
92.8125
93.25
93.25
93.375
92.75
92.625
93.25
92.75
93.375
93.0625
93.8125
93.625
92.8125
93.75
93.375
93.25
93.4375
93.8125
92.8125
92.75
92.875
92.8125
93.4375
93.5
93.875
93.5
93.0625
93.375
92.625
93.375
93.5625
93.5625
92.8125
93.25
93.0
93.1875
93.1875
94.375
92.8125
93.4375
92.75
93.4375
93.125
93.5
93.375
92.75
93.4375
92.9375
93.25
93.3125
93.5
92.75
93.5
93.0625
92.875
93.5
93.0625
92.8125
93.25
93.3125
93.6875
93.3125
92.75
94.0
93.25
94.0
93.4375
92.875
93.625
92.8125
92.8125
92.8125
93.75
93.5
93.5
92.75
93.625
93.25
93.3125
93.0625
93.25
92.8125
92.8125
93.625
92.875
93.25
93.5625
92.9375
93.5625
93.0
92.875
92.75
93.3125
92.75
93.375
93.4375
92.75
93.75
93.0
93.75
94.0
92.8125
93.625
93.3125
94.125
92.75
94.125
92.75
93.4375
92.8125
93.75
93.3125
93.625
92.75
93.5625
92.75
93.1875
92.875
93.375
93.9375
93.375
92.75
93.3125
94.0625
93.5625
93.375
94.0
93.3125
94.0
93.25
93.25
93.25
93.5
93.375
93.0625
93.9375
93.8125
92.9375
94.0625
92.9375
94.0
92.8125
94.0
93.5
94.5625
92.5625
93.25
92.875
93.5
93.0
93.0
92.875
93.125
93.5
94.0
93.375
93.375
93.4375
92.9375
93.875
93.1875
93.5
92.8125
94.25
92.75
93.75
93.25
93.5625
93.125
93.8125
92.75
93.4375
93.4375
92.75
93.25
93.0
92.875
93.5
92.8125
93.6875
92.875
93.3125
93.625
93.3125
93.375
93.75
93.1875
93.125
93.25
93.8125
93.375
93.6875
92.875
93.75
92.8125
93.375
92.8125
93.4375
92.875
93.25
93.5
93.875
93.0
93.625
93.9375
93.3125
93.375
93.0
93.125
93.25
92.875
93.25
92.875
93.8125
92.6875
93.3125
93.625
94.0
93.6875
94.0
94.0625
93.8125
93.4375
95.25
94.1875
94.8125
94.5
93.8125
95.375
94.0625
95.125
96.0625
95.4375
96.4375
96.75
96.5
97.0
96.75
98.25
97.625
96.8125
98.625
98.125
97.25
98.875
97.0
98.0
98.6875
97.25
98.5
99.25
98.9375
98.25
99.25
98.375
99.3125
98.9375
98.5
96.5
96.5625
96.3125
96.5
96.75
96.125
96.25
96.3125
95.75
96.375
95.9375
96.75
95.75
95.8125
96.4375
96.1875
95.9375
96.25
96.125
96.0625
95.75
96.3125
95.9375
96.125
96.25
96.5
95.5
96.5
95.5
95.625
95.75
96.4375
96.125
95.625
96.125
96.0625
96.0
95.9375
96.0
96.375
95.875
96.25
95.875
96.125
95.625
95.9375
96.0625
96.1875
95.8125
96.0
95.6875
95.625
95.875
95.625
95.8125
95.375
96.25
95.6875
96.0625
95.6875
96.0
95.5
96.25
95.8125
96.375
95.8125
96.3125
96.5
96.0
96.0625
96.1875
96.0
96.5
96.5
96.375
96.0
96.0625
96.0
96.375
96.625
96.125
96.625
95.75
96.9375
96.1875
96.5625
96.6875
96.6875
96.3125
96.9375
96.375
96.9375
96.9375
96.75
96.8125
96.75
96.5625
96.75
96.8125
96.875
97.25
97.625
96.75
96.5625
96.875
96.125
96.875
96.375
97.0
97.125
96.9375
96.75
98.0
97.125
97.625
97.375
96.875
97.625
97.375
97.125
97.375
96.875
96.875
97.0
97.0
96.875
96.75
96.5625
96.9375
96.75
96.75
97.0
96.75
96.8125
96.1875
96.4375
96.6875
96.6875
96.6875
96.9375
96.8125
96.5625
96.875
96.5625
96.4375
96.5
96.5
96.8125
96.5625
96.25
97.0
96.4375
96.625
96.625
96.3125
96.5625
96.375
96.5625
96.8125
96.25
97.125
96.25
96.5
96.0625
96.0625
96.625
96.5
97.5
96.5
96.5
96.0625
97.5
96.3125
96.9375
96.25
96.8125
96.625
97.5
96.0
97.25
96.125
96.0625
96.625
96.8125
96.5625
96.75
96.75
95.8125
96.375
96.1875
96.75
96.25
96.5
95.9375
97.125
96.375
96.5
96.375
96.8125
96.5625
96.9375
97.0
96.3125
96.875
96.5
95.6875
96.375
96.625
96.75
96.375
96.75
96.3125
96.125
96.6875
95.625
96.8125
96.625
96.9375
96.5
97.0
96.8125
96.75
96.6875
96.625
96.5625
96.5
97.0
96.0625
96.9375
96.5
96.6875
96.25
96.6875
96.6875
96.5625
97.0
96.75
96.6875
97.0
96.875
96.25
97.0
96.5
97.0
96.3125
97.375
96.5625
97.125
96.8125
96.875
97.0
96.9375
96.875
96.875
96.75
97.125
96.875
96.5625
96.75
96.3125
96.5
96.5
96.5625
97.5
96.625
96.25
96.5
96.4375
96.9375
97.0
96.75
96.875
95.75
97.5
97.0
96.75
96.5625
96.625
96.625
95.875
96.375
96.0625
96.4375
95.6875
96.4375
96.25
96.5
96.5625
95.375
96.4375
96.5
95.9375
95.9375
95.5
95.4375
95.6875
95.1875
95.6875
96.375
95.8125
95.5
96.4375
95.8125
96.0625
95.875
95.3125
95.9375
96.0625
96.0625
95.1875
95.8125
95.875
95.8125
95.1875
95.875
95.625
95.375
95.9375
95.8125
95.6875
95.6875
95.75
96.1875
95.8125
95.625
95.4375
95.6875
95.25
95.9375
96.5625
96.5
96.1875
96.125
96.25
96.25
95.625
96.375
96.125
96.375
95.75
95.625
96.3125
95.75
95.875
96.0625
96.0
96.375
95.625
96.1875
96.5
96.125
95.8125
95.4375
96.0
96.0
96.3125
96.25
96.5
96.1875
96.4375
96.3125
95.6875
96.5
95.6875
96.25
95.8125
95.6875
95.875
95.875
95.75
96.125
95.9375
96.375
96.1875
95.875
95.875
95.8125
95.5625
96.0
96.1875
96.0
95.9375
96.0
96.25
96.0
95.9375
95.875
96.1875
95.8125
95.875
96.1875
96.0625
96.3125
95.75
95.5625
96.0
96.0
96.125
96.0625
96.25
96.375
96.125
96.25
96.0625
96.1875
95.8125
96.0625
95.75
95.9375
95.625
96.4375
96.125
95.75
95.5
96.625
95.8125
96.625
95.75
95.8125
96.1875
96.125
95.5625
95.8125
95.75
96.125
96.3125
96.3125
95.875
96.1875
95.8125
96.3125
95.9375
96.0625
96.0625
95.875
95.8125
95.75
96.4375
96.0
95.6875
95.9375
95.8125
95.9375
95.875
96.4375
95.75
96.375
95.875
96.0625
96.3125
95.5625
96.0
96.0625
95.9375
95.875
96.0625
95.8125
95.9375
96.0625
95.625
96.4375
95.5
95.625
96.0625
95.625
95.875
95.75
96.0
95.5625
95.9375
95.3125
95.875
95.75
95.5
95.5625
95.875
95.5
95.875
96.0625
95.75
95.5625
95.6875
95.875
95.5625
95.5
95.3125
95.625
95.75
95.4375
95.25
95.875
95.5
95.5
96.0
95.375
96.0
95.625
95.0625
96.0
95.4375
95.5
94.625
95.375
95.8125
95.3125
95.9375
95.8125
95.1875
95.625
95.375
95.3125
95.625
95.6875
95.25
95.5
95.3125
94.6875
95.5625
95.5625
95.5625
95.5
95.8125
95.9375
95.5625
95.6875
95.75
95.1875
95.0
95.0625
95.875
95.8125
95.25
95.75
95.6875
95.1875
95.3125
95.875
95.3125
95.3125
95.625
95.625
95.6875
95.5
95.6875
95.5625
95.625
95.375
95.875
95.375
95.3125
95.875
95.5
95.625
96.0625
94.75
95.75
95.75
95.875
95.5
95.8125
95.9375
95.75
95.5625
95.75
96.1875
95.625
95.8125
95.6875
96.125
95.5
95.5
95.9375
96.125
95.375
95.875
95.875
96.25
95.625
95.6875
96.25
95.5
95.75
95.1875
95.3125
96.125
94.5625
96.0625
95.875
96.0
95.625
95.9375
95.6875
94.9375
95.5
95.375
95.75
95.0
95.6875
95.375
95.875
95.875
95.4375
95.75
95.25
96.4375
95.75
95.75
95.75
95.75
95.375
95.0
95.125
96.0
95.5
96.0
95.8125
95.875
96.125
95.8125
95.8125
95.6875
95.4375
96.3125
95.75
95.75
96.0
95.625
95.375
95.25
95.5625
95.3125
95.75
95.625
95.25
95.625
96.1875
96.25
95.9375
95.8125
95.4375
95.875
96.0
95.625
95.875
95.75
95.125
96.1875
95.9375
95.3125
95.625
95.9375
96.1875
96.125
95.9375
96.0625
96.125
95.6875
95.9375
96.0
96.1875
96.1875
95.8125
96.125
96.25
96.0
96.3125
95.75
96.0625
95.8125
95.6875
95.4375
96.1875
95.875
95.375
96.0
96.0
95.8125
96.0625
95.375
96.125
96.0
95.9375
95.8125
96.0
95.875
96.25
95.125
96.375
95.875
96.5
96.125
96.25
96.8125
96.375
96.75
96.4375
96.8125
96.5625
96.6875
97.0
96.375
96.9375
96.75
97.0
96.625
96.8125
96.6875
97.0
96.6875
96.875
96.6875
97.25
96.75
96.875
96.75
96.875
96.875
96.8125
96.625
97.0
96.625
96.875
97.125
96.9375
96.4375
96.9375
97.25
96.625
97.125
96.75
96.8125
97.25
96.875
98.0
97.25
97.875
97.5
97.75
97.5
97.25
97.125
97.75
97.0
98.0
98.25
97.5
97.375
97.25
96.875
97.5
97.0
97.0
98.0
97.125
97.0
97.0
97.0
97.875
96.8125
96.9375
96.75
97.0
96.75
97.0
97.0
97.3125
97.0
97.375
97.75
97.0
97.25
97.0
96.875
97.0
97.5
97.0
97.0
97.375
97.125
96.875
97.125
97.5
97.375
97.0
97.375
97.125
97.25
97.375
96.75
97.0
97.75
96.875
96.875
97.75
97.0
96.9375
97.0
96.9375
97.125
96.75
96.75
97.0
97.125
98.5
97.0
97.375
98.25
97.125
97.125
97.0
97.125
97.0
